1887000377

1882000033
1886000229	
1882000703
1886000339
1881000154
1887000567
1883000213
1883000127
1882000918
1886000029
1889000128
1882000856
1886000259
1887000380
1881000234
1890000324
1881000253
1884000056
1885000076
1881000211
1886000101
1890000279
1889000078
1881000375
1882000803
1881000467
1883000170
1890000082
1887000398
1882001267
1890000064
1887000517
1887000377
1882000399
1887000524
1887000428
1881000035
1882000370
1889000085
1881000090
1890000256
1883000142
1886000005
